----------------------
:::::::::::::::::::::::::::::::::::::::::::::::::::::::::::::::::::::::::::::::
                                     Date and Time: 2025-10-09T14:33:16.685
:::::::::::::::::::::::::::::::::::::::::::::::::::::::::::::::::::::::::::::::
local boson: T = [1.0, 1.0e-30], alpha = [0.25, 1.25], N_chain = 30, maxdim = 200, cutoff = -16, tau = 0.001, jump = 10, boson_dim = [15, 15, 12], omega = 0.5;
3.1434178874884974e-11;
0.005158105245406965;
0.010149450535131312;
0.015313870940042813;
0.020476255705282453;
0.025635538201962654;
0.030790827901354317;
0.0359412716613447;
0.04108600119664954;
0.04622423054646559;
0.05135513170360399;
0.05647788611616247;
0.06159169919143878;
0.06669619698445696;
0.07178926095971618;
0.07687201823797084;
0.08194142939193944;
0.08699772660485715;
0.09204020711179142;
0.09706808581732292;
0.10208058491055604;
0.107076929106719;
0.11205634946085331;
0.11701809779965958;
0.12196138114583549;
0.12688550480826985;
0.13178965939942294;
0.13667312060012532;
0.1415352216075744;
0.14637517005205525;
0.15119232548964667;
0.15598591592862113;
0.1607553150958071;
0.1654997708170757;
0.1702186744772568;
0.17491130029476926;
0.17957703396647076;
0.18421520513490294;
0.18882517933251963;
0.19340634461856174;
0.1979580709153316;
0.2024797673049297;
0.2069708389283408;
0.21143070650282086;
0.21585880466544108;
0.22025457858455122;
0.22461748305528817;
0.22894699084238052;
0.23324258474538162;
0.23750375908506835;
0.24173002699752066;
0.24592090759367644;
0.2500759397643161;
0.25419468307200127;
0.2582766883378541;
0.2623215438323434;
0.2663288349886614;
0.2702981761709709;
0.2742291960244521;
0.27812152709324717;
0.28197482674882635;
0.28578875546377513;
0.2895630028491448;
0.29329727259749566;
0.29699127391023505;
0.30064474693944276;
0.3042574250910011;
0.30782908942852727;
0.311359488379129;
0.31484845710259673;
0.31829575331928417;
0.32170125808289585;
0.32506475077695834;
0.3283861237268402;
0.33166523869776904;
0.3349019972689859;
0.33809628869658903;
0.34124804168176537;
0.3443571858128735;
0.34742367804965174;
0.35044747442301544;
0.35342856645302734;
0.35636693942194597;
0.35926260521421705;
0.36211559344191097;
0.36492595747712914;
0.3676937067935564;
----------------------
:::::::::::::::::::::::::::::::::::::::::::::::::::::::::::::::::::::::::::::::
                                     Date and Time: 2025-10-09T15:46:19.625
:::::::::::::::::::::::::::::::::::::::::::::::::::::::::::::::::::::::::::::::
local boson: T = [1.0, 1.0e-30], alpha = [0.25, 1.25], N_chain = 30, maxdim = 200, cutoff = -16, tau = 0.001, jump = 10, boson_dim = [15, 15, 12], omega = 0.25;
3.5975117194080037e-11;
0.0004429042189349515;
0.0008671257349798374;
0.0013109361146906714;
0.0017546620396281774;
0.0021982258707449833;
0.002641617677545849;
0.003084804655287037;
0.003527740250719496;
0.003970391013790523;
0.004412721306657755;
0.004854695371144036;
0.005296275984071853;
0.005737430440204954;
0.006178116531768508;
0.00661830920408549;
0.007057957402621683;
0.007497032583504609;
0.007935499526263793;
0.008373324488036698;
0.008810469756377943;
0.009246901392518147;
0.009682583583543408;
0.010117481720534859;
0.01055156091783063;
0.010984786565370388;
0.011417123098807687;
0.011848536368089656;
0.012278991362653967;
0.012708454179134169;
0.013136890206415758;
0.013564265982955617;
0.013990545860090312;
0.014415698282191435;
0.014839686819703265;
0.015262481126561348;
0.015684044040258183;
0.01610434410449871;
0.01652334806300459;
0.01694102357319248;
0.017357337129800206;
0.01777225725365898;
0.018185750338683998;
0.018597785761644826;
0.0190083298289349;
0.019417352519114084;
0.019824820685553572;
0.020230704688744175;
0.020634971434517903;
0.021037592903333777;
0.02143853484598287;
0.021837771733654213;
0.022235267777066824;
0.022630999968829044;
0.023024930672200405;
0.023417034877850438;
0.023807282866106807;
0.024195646807574443;
0.024582097877869604;
0.024966606846347862;
0.0253491485371564;
0.02572969239762274;
0.026108214629266643;
0.02648468466860487;
0.02685907997419189;
0.027231370046797487;
0.027601533680900493;
0.027969541928512278;
0.028335371937441005;
0.02869899654256577;
0.02906039374395638;
0.029419537450319725;
0.029776405780106072;
0.030130973407435913;
0.030483219803216974;
0.030833120639410915;
0.031180655007461623;
0.03152580016283025;
0.031868535956185315;
0.03220884131914284;
0.03254669523888291;
0.03288207880320441;
0.03321497072439536;
0.03354535336034101;
0.033873207275628495;
0.034198515026086666;
0.03452125811257275;
0.034841420033435766;
0.035158983221180114;
0.03547393227177198;
0.03578625017762586;
0.036095922939141684;
0.03640293386144123;
0.03670727033077799;
0.03700891697505817;
0.03730786253567215;
0.03760409085654637;
0.0378975933993587;
0.038188354207266156;
0.03847636626698351;
0.03876161384803797;
Date and Time: 2025-10-09T16:22:47.165
Output: local boson: T = [1.0, 1.0e-30], alpha = [0.25, 1.25], N_chain = 30, maxdim = 200, cutoff = -16, tau = 0.001, jump = 10, boson_dim = [15, 15, 12], omega = 0.25
Float32[3.597512f-11, 0.00044290422, 0.00086712575, 0.0013109361, 0.001754662, 0.0021982258, 0.0026416178, 0.0030848046, 0.0035277402, 0.003970391, 0.0044127214, 0.0048546954, 0.005296276, 0.0057374304, 0.0061781164, 0.0066183093, 0.0070579574, 0.0074970326, 0.0079355, 0.008373325, 0.00881047, 0.009246902, 0.009682584, 0.010117481, 0.010551561, 0.010984787, 0.0114171235, 0.011848536, 0.012278992, 0.012708454, 0.01313689, 0.013564266, 0.013990546, 0.014415698, 0.014839686, 0.015262481, 0.015684044, 0.016104344, 0.016523348, 0.016941024, 0.017357336, 0.017772257, 0.01818575, 0.018597785, 0.01900833, 0.019417353, 0.019824822, 0.020230705, 0.020634972, 0.021037593, 0.021438535, 0.021837771, 0.022235267, 0.022631, 0.023024932, 0.023417035, 0.023807283, 0.024195647, 0.024582097, 0.024966607, 0.025349148, 0.025729692, 0.026108215, 0.026484685, 0.02685908, 0.02723137, 0.027601535, 0.027969541, 0.028335372, 0.028698996, 0.029060394, 0.029419538, 0.029776406, 0.030130973, 0.03048322, 0.030833121, 0.031180656, 0.031525802, 0.031868536, 0.03220884, 0.032546695, 0.03288208, 0.03321497, 0.033545353, 0.033873208, 0.034198515, 0.03452126, 0.03484142, 0.035158984, 0.03547393, 0.03578625, 0.036095925, 0.036402933, 0.03670727, 0.03700892, 0.037307862, 0.03760409, 0.037897594, 0.038188353, 0.038476367, 0.038761612]
----------------------
