----------------------
:::::::::::::::::::::::::::::::::::::::::::::::::::::::::::::::::::::::::::::::
                                     Date and Time: 2025-10-09T14:33:16.683
:::::::::::::::::::::::::::::::::::::::::::::::::::::::::::::::::::::::::::::::
local boson: T = [1.0, 1.0e-30], alpha = [0.25, 1.25], N_chain = 30, maxdim = 200, cutoff = -16, tau = 0.001, jump = 10, boson_dim = [15, 15, 12], omega = 0.5;
2.957549825922492e-8;
0.002348775643130034;
0.004591724159265029;
0.006946724794573495;
0.009301166006545682;
0.011654556300753922;
0.01400653491437256;
0.01635677714837167;
0.01870497386301865;
0.021050821351258797;
0.02339402089862508;
0.025734274872922843;
0.028071288668882456;
0.030404766962955465;
0.032734421027244984;
0.03505995406269905;
0.037381083665121856;
0.03969751840864154;
0.04200897045365531;
0.044315153779621225;
0.046615784192971035;
0.04891057865261156;
0.05119925617919577;
0.05348153694032219;
0.05575714353534788;
0.058025799585823476;
0.060287231540015175;
0.06254116748116649;
0.06478733636745442;
0.0670254717562547;
0.06925530684592257;
0.07147658037465211;
0.07368902762264212;
0.07589239487180696;
0.07808642148727403;
0.08027085878852172;
0.08244545271416931;
0.08460995706161116;
0.08676412730598793;
0.0889077202707583;
0.09104049817050165;
0.09316222394300659;
0.09527266545725784;
0.09737159283078221;
0.09945877992998095;
0.10153400377516128;
0.10359704514024733;
0.10564768815568783;
0.10768571991725583;
0.10971093238581713;
0.11172312007927467;
0.11372208216587887;
0.11570762103431742;
0.11767954114452056;
0.11963765952947394;
0.12158178253812323;
0.12351173597659133;
0.1254273364553658;
0.12732841595399216;
0.12921480123548257;
0.1310863321598834;
0.1329428449217481;
0.1347841865139443;
0.13661020358972406;
0.1384207500415203;
0.14021568351588848;
0.14199486635080388;
0.14375816519742363;
0.14550545174220048;
0.14723660185647;
0.14895149664649654;
0.15065002215540343;
0.15233206663433832;
0.153997527055663;
0.1556463029943996;
0.157278298969106;
0.15889342396187342;
0.16049159153167344;
0.16207272483196153;
0.1636367431884939;
0.16518357852110535;
0.16671316229514135;
0.1682254358204079;
0.1697203401256859;
0.17119782599135078;
0.17265784476515367;
0.17410035487403633;
----------------------
:::::::::::::::::::::::::::::::::::::::::::::::::::::::::::::::::::::::::::::::
                                     Date and Time: 2025-10-09T15:46:19.623
:::::::::::::::::::::::::::::::::::::::::::::::::::::::::::::::::::::::::::::::
local boson: T = [1.0, 1.0e-30], alpha = [0.25, 1.25], N_chain = 30, maxdim = 200, cutoff = -16, tau = 0.001, jump = 10, boson_dim = [15, 15, 12], omega = 0.25;
4.308632742310096e-8;
0.00034063299910767284;
0.0006635083275514897;
0.0010050643727137593;
0.0013465846063944033;
0.0016880135354153131;
0.002029314143980667;
0.0023704547110189986;
0.0027114055324116886;
0.0030521377641760895;
0.003392623078382475;
0.0037328333542282865;
0.004072740674198749;
0.004412317218351244;
0.004751535275822674;
0.005090367185818568;
0.005428785374139692;
0.005766762310335609;
0.006104270528388012;
0.006441282619317342;
0.00677777123408418;
0.007113709076437101;
0.0074490689213190225;
0.00778382359202743;
0.008117946009264994;
0.00845140909961418;
0.008784185968717438;
0.009116249591203213;
0.00944757342908744;
0.009778130501756159;
0.010107894244986608;
0.010436838099478374;
0.010764935597965238;
0.011092160363936308;
0.011418486127096035;
0.011743886697640975;
0.012068336012934621;
0.012391808097915373;
0.012714277104422404;
0.013035717285516585;
0.013356103022556326;
0.013675408809059228;
0.013993609281663327;
0.014310679178845584;
0.014626593410304098;
0.014941326976702411;
0.015254855067661102;
0.015567153139440678;
0.015878196171825724;
0.016187960340223705;
0.016496421032102256;
0.01680355454572889;
0.017109336469466274;
0.01741374364039872;
0.01771675195401902;
0.018018338652245478;
0.01831847993820608;
0.018617153219007882;
0.018914335555645503;
0.019210004301772547;
0.019504136987714964;
0.019796711761961402;
0.020087705663922623;
0.020377098141852283;
0.02066486634883603;
0.020950990200849295;
0.021235447278018522;
0.021518218024704654;
0.021799280383471346;
0.022078615297347705;
0.022356201207262037;
0.022632019578471618;
0.02290604929736516;
0.023178272224384695;
0.023448668181290613;
0.02371721908735478;
0.02398390556905868;
0.024248709958859176;
0.024511613500232808;
0.024772598857219632;
0.02503164834989764;
0.02528874470950456;
0.025543871401771043;
0.025797011279123556;
0.0260481484954187;
0.026297266476392828;
0.02654435018826459;
0.02678938356774543;
0.027032352191338822;
0.027273240718767758;
0.0275120353069398;
0.027748721372614627;
0.027983285585137945;
0.028215714359935244;
0.028445994600997726;
0.028674113714219913;
0.028900059077827573;
0.029123819005743873;
0.029345381557072496;
0.02956473569778752;
0.02978187023429274;
Date and Time: 2025-10-09T16:22:47.165
Output: local boson: T = [1.0, 1.0e-30], alpha = [0.25, 1.25], N_chain = 30, maxdim = 200, cutoff = -16, tau = 0.001, jump = 10, boson_dim = [15, 15, 12], omega = 0.25
Float32[4.3086327f-8, 0.000340633, 0.0006635083, 0.0010050643, 0.0013465846, 0.0016880136, 0.0020293142, 0.0023704546, 0.0027114055, 0.0030521378, 0.003392623, 0.0037328333, 0.0040727407, 0.004412317, 0.004751535, 0.005090367, 0.0054287855, 0.0057667624, 0.0061042705, 0.0064412826, 0.0067777713, 0.007113709, 0.007449069, 0.0077838236, 0.008117946, 0.008451409, 0.008784186, 0.009116249, 0.009447574, 0.009778131, 0.010107894, 0.0104368385, 0.010764936, 0.011092161, 0.011418486, 0.011743886, 0.012068336, 0.012391808, 0.012714277, 0.013035717, 0.013356103, 0.013675408, 0.01399361, 0.014310679, 0.014626593, 0.014941327, 0.015254855, 0.015567153, 0.015878197, 0.01618796, 0.016496422, 0.016803555, 0.017109336, 0.017413743, 0.017716752, 0.018018339, 0.01831848, 0.018617153, 0.018914336, 0.019210005, 0.019504137, 0.019796712, 0.020087706, 0.020377098, 0.020664867, 0.02095099, 0.021235447, 0.021518217, 0.021799281, 0.022078615, 0.022356201, 0.02263202, 0.02290605, 0.023178272, 0.023448668, 0.023717219, 0.023983905, 0.02424871, 0.024511613, 0.0247726, 0.025031649, 0.025288744, 0.025543872, 0.025797011, 0.026048148, 0.026297266, 0.02654435, 0.026789384, 0.027032353, 0.027273241, 0.027512034, 0.02774872, 0.027983285, 0.028215714, 0.028445994, 0.028674114, 0.028900059, 0.029123819, 0.029345382, 0.029564736, 0.02978187]
----------------------
