----------------------
:::::::::::::::::::::::::::::::::::::::::::::::::::::::::::::::::::::::::::::::
                                     Date and Time: 2025-09-25T02:31:53.104
:::::::::::::::::::::::::::::::::::::::::::::::::::::::::::::::::::::::::::::::
local boson: T = [1.0, 1.0e-30], alpha = [0.25, 0.25], N_chain = 100, maxdim = 100, cutoff = -11, tau = 0.003, jump = 3, boson_dim = 7, omega = 5;
3.142213783618491e-11;
0.00011979239328088896;
0.0008308442547235879;
0.0021687592703832697;
0.004129957853247568;
0.006709217381238065;
0.009899717767363198;
0.013693082711790514;
0.01807943954299144;
0.02304748695111323;
0.028584571452982228;
0.03467676890695205;
0.041308980136491015;
0.04846502717123144;
0.0561277560470489;
0.06427914334417274;
0.07290040536918953;
0.08197210883222607;
0.09147429534863051;
0.10138656956366429;
0.11168811914859043;
0.12235800177135932;
0.13337507182259337;
0.1447181304779347;
0.15636599906844473;
0.16829761300438653;
0.1804921071127669;
0.19292887231876218;
0.20558762960983357;
0.21844850040807348;
0.23149206230352165;
0.2446993642041256;
0.25805212928312443;
0.27153257767928207;
0.28512361668890457;
0.29880878673989614;
0.3125724631318501;
0.32639748710273897;
0.3402741420774865;
0.3541868557512126;
0.3681230840674508;
0.3820711022574051;
0.39602001904682577;
0.40995980474508853;
0.4238812482805132;
0.43777596574806243;
0.4516363881199992;
0.4654557468394905;
0.4792280436464693;
0.4929511504630851;
0.5066197414430726;
0.5202278032853456;
0.5337637485692107;
0.5472354364469658;
0.5606381098301885;
0.5739698555171528;
0.5872289864751203;
0.6004141883109486;
0.6135240037203716;
0.6265570181594649;
0.6395116959398027;
0.6523848037424997;
0.6651776321964169;
0.6778858311995876;
0.6905071100905285;
0.7030384383502892;
0.7154766058948452;
0.7278180491871624;
0.740059066159067;
0.7521958297803372;
0.764224722510015;
0.7761421538783838;
0.7879447887765008;
0.7996298153584325;
0.8111950814020902;
0.8226390450867309;
0.8339611096646918;
0.8451616839269327;
0.8562420613079652;
0.8672046268424549;
0.8780528817906434;
0.8887914091074662;
0.8994247966555075;
0.9099801592865763;
0.9204526206752406;
0.930850082788764;
0.9411572298643632;
0.9513814498359678;
0.9615502389664823;
0.9716725022614645;
0.9817568617987064;
0.9918113365067858;
1.0018445477296785;
1.0118602802903867;
1.0218649287734878;
1.0318622226850374;
1.0418542761276584;
1.0518419888927786;
1.0618236331628643;
1.0717966743751344;
1.0817565554472854;
1.0916968763495412;
1.101610239087733;
1.111487051855264;
1.1213170686042757;
1.1310888727545207;
1.1407897596547596;
1.1504077912671664;
1.1599299702988684;
1.169343811200723;
1.1786377865070063;
1.1878012334418195;
1.1968250643034737;
1.2056873721370396;
1.2143986685814594;
1.2229570311524003;
1.2313867781772918;
1.2396996485541347;
1.2478930386025129;
1.255919610040142;
1.2637846205282586;
1.2715442389773468;
1.279215656330066;
1.2868155878799192;
1.2943634183722703;
1.3018790404759446;
1.3093831865078007;
1.3168952772392717;
1.3244369052199205;
1.3320263315562542;
1.3396824606914783;
1.347419982941207;
1.3552529003069003;
1.363190861581802;
1.371241126097837;
1.3794080909621724;
1.3876916973528703;
1.3960888333199202;
1.4045924987058154;
1.413192437088521;
1.4218751207666656;
1.4306241879219728;
1.439416392335734;
1.4482347795034254;
1.4570672964048597;
1.465893730126682;
1.4746940784742906;
1.4846496225250032;
1.4939827300809319;
1.503127201147344;
1.5118899289377554;
1.5203108771544407;
1.5286202972634;
1.5368110104178614;
1.5448820854929612;
1.5528333759737114;
1.5606699963443749;
1.5684006279832268;
1.576035925182211;
1.583593644912106;
1.5910933736251331;
1.5985616364073219;
1.6060171264373504;
1.613488055397724;
1.6210001269614045;
1.628574088603062;
1.6362406454054095;
1.644013357499395;
1.6519064657067983;
1.6599156894665905;
1.668059511848689;
1.67637203239416;
1.6848634907954743;
1.6935482126718258;
1.702427197707021;
1.7115067478844481;
1.7209783146921238;
1.7307002480561307;
1.7405773962691633;
1.75041856929084;
1.7604321002624974;
1.7706032220288455;
1.7809176709717707;
1.7913610398180024;
1.801919190104802;
1.8125783849744554;
1.8233207794150212;
1.8341361267568037;
1.8450170697918056;
1.85594854548455;
1.8669247163151315;
1.8779360231139275;
1.8889876980927016;
1.9000695097992022;
1.9111834917749477;
1.9223341617595286;
1.9335264744779743;
1.944793850510294;
1.9561419327035092;
1.967565181017314;
1.9790718609871676;
1.9906700830114208;
2.0023666337275823;
2.0148869089568087;
2.0274764731731376;
2.039918615687348;
2.0524171520749492;
2.0650103080344806;
2.077334022398476;
2.0897523378553524;
2.1022476552365665;
2.1148083134395024;
2.127419425161614;
2.1400645553884585;
2.1527226422766557;
2.165382074768555;
2.178016142649512;
2.190607102059312;
2.203138611361481;
2.215590787092044;
2.2279498755735943;
2.240201624845242;
2.2523337067735327;
2.2643364327596087;
2.2762017102559;
2.287923057085769;
2.2995015781484116;
2.3109378424103277;
2.322235165839062;
2.3334011309179026;
2.3444458792624636;
2.3553821182076398;
2.366224862359396;
2.3769935306125007;
2.387710381519025;
2.398402595795892;
2.409122631706071;
2.419861806996921;
2.430673259478685;
2.4415862961871757;
2.452627509744503;
2.463825566930464;
2.475203150109646;
2.486784031779993;
2.4985869521018973;
2.510626450742118;
2.5229146343005566;
2.535455122689905;
2.548254278359225;
2.561307748068758;
2.574610006370716;
2.5881514195162745;
----------------------
:::::::::::::::::::::::::::::::::::::::::::::::::::::::::::::::::::::::::::::::
                                     Date and Time: 2025-09-25T09:18:21.312
:::::::::::::::::::::::::::::::::::::::::::::::::::::::::::::::::::::::::::::::
local boson: T = [1.0, 1.0e-30], alpha = [0.25, 0.25], N_chain = 100, maxdim = 100, cutoff = -12, tau = 0.005, jump = 5, boson_dim = 7, omega = 5;
4.393603521381355e-11;
0.00033266596622370635;
0.002305076814857499;
0.006006761778985706;
0.011410428664032867;
0.018476720125684798;
0.027154965145200768;
0.037384123535660445;
0.04909389254108392;
0.062205940086979;
0.07663307248307047;
0.09228913090695319;
0.10907778156851605;
0.12690209542912426;
0.14566399664499263;
0.16526525430902203;
0.18560879688718984;
0.20659981036714292;
0.22814715928750645;
0.2501592459112216;
0.2725567911909514;
0.29525985279980865;
0.3181954826855124;
0.341296326651501;
0.36449831738786476;
0.38774978368976126;
0.41100060877799505;
0.4342046255318652;
0.4573226759993166;
0.48031804638842746;
0.503160298278217;
0.5258222857886505;
0.5482805050602175;
0.570522936577991;
0.5925214141144316;
0.6142618531311946;
0.6357389726935602;
0.6569469053792613;
0.6778830410284873;
0.6985494828727213;
0.7189538752232812;
0.7391007371878594;
0.7590069731705643;
0.7786867196071766;
0.798155922323836;
0.81743046789797;
0.8365250175511166;
0.8554510152192223;
0.8742173871401437;
0.8928498685567173;
0.911353479771822;
0.9296451094410592;
0.9477745203001979;
0.9657295976598255;
0.9835048025525791;
1.0010961692689941;
1.018500845470517;
1.0357255236111382;
1.0527818145255563;
1.069687601846165;
1.0864679623496856;
1.1031528312776853;
1.119772472121165;
1.1363584151907213;
1.1529376353411844;
1.1695719539627005;
1.1862893794930558;
1.2029246716524078;
1.2195803714209297;
1.2362299298133888;
1.2528446305034127;
1.2693878669672458;
1.2858243441081587;
1.302116526451623;
1.3182355985667265;
1.334159110523769;
1.349883810906083;
1.3654120263725666;
1.3807628692947091;
1.395955615068688;
1.4118729556596012;
1.4275984800042087;
1.442916774980821;
1.4578719081713047;
----------------------
:::::::::::::::::::::::::::::::::::::::::::::::::::::::::::::::::::::::::::::::
                                     Date and Time: 2025-09-25T09:47:20.390
:::::::::::::::::::::::::::::::::::::::::::::::::::::::::::::::::::::::::::::::
local boson: T = [1.0, 1.0e-30], alpha = [0.25, 0.25], N_chain = 100, maxdim = 100, cutoff = -12, tau = 0.005, jump = 5, boson_dim = 7, omega = 5;
5.165403936968932e-10;
0.00033266643953621647;
0.0023050772881754128;
0.00600676225195423;
0.011410429137245243;
0.018476720598402135;
0.02715496561800386;
0.037384124008625355;
0.04909389301441355;
0.06220594056063289;
0.07663307295631366;
0.09228913137978412;
0.10907778204241453;
0.1269020959030386;
0.14566399711789904;
0.16526525478197343;
0.185608797361055;
0.20659981083993265;
0.22814715976143413;
0.25015924638523546;
0.27255679166487523;
0.29525985327396626;
0.31819548315979546;
0.3412963271255419;
0.3644983178620742;
0.38774978416463535;
0.41100060925214;
0.43420462600617554;
0.4573226764745245;
0.4803180468635483;
0.5031602987528554;
0.5258222862639789;
0.5482805055346713;
0.5705229370533965;
0.59252141459022;
0.6142618536061518;
0.6357389731692747;
0.6569469058551877;
0.6778830415045508;
0.698549483349094;
0.7189538756994774;
0.739100737663648;
0.7590069736465455;
0.7786867200827823;
0.7981559228003179;
0.8174304683737513;
0.8365250180261953;
0.8554510156962577;
0.8742173876156909;
0.8928498690327252;
0.9113534802484878;
0.9296451099174731;
0.9477745207762063;
0.9657295981360465;
0.9835048030292853;
1.0010961697467915;
1.0185008459482159;
1.0357255240896237;
1.052781815003355;
1.0696876023250932;
1.086467962829554;
1.1031528317567112;
1.119772472600203;
1.1363584156693713;
1.152937635820627;
1.169571954441075;
1.1862893799714582;
1.2029246721303946;
1.2195803718988703;
1.2362299302911133;
1.2528446309816177;
1.269387867444108;
1.2858243445868627;
1.3021165269272088;
1.318235599466623;
1.3341591113932252;
1.3498838116668797;
1.365412024258242;
1.3807628715594638;
1.3959556167732863;
1.4118728204285431;
1.4275990644704397;
1.4429167591224676;
1.4578719493876895;
1.472857100211794;
1.4878941526350915;
1.5029961976470676;
1.5181572414384332;
1.533359117757697;
1.5485525274751708;
1.5636903346024913;
1.5787165263716012;
1.59357860477348;
1.6082317262723618;
1.622642971089877;
1.6368005725807717;
1.6507462546833762;
1.6645583233607908;
1.6780457435908414;
1.6913954940154396;
1.7046451837290946;
1.7178537695237612;
1.7310737777728726;
1.7443495646814808;
1.7577140440420238;
1.771187997773251;
1.7847707521758984;
1.7984422331980476;
1.8121704266750667;
1.8259126573576514;
----------------------
:::::::::::::::::::::::::::::::::::::::::::::::::::::::::::::::::::::::::::::::
                                     Date and Time: 2025-09-25T13:33:47.511
:::::::::::::::::::::::::::::::::::::::::::::::::::::::::::::::::::::::::::::::
local boson: T = [1.0, 1.0e-30], alpha = [0.25, 0.25], N_chain = 100, maxdim = 100, cutoff = -13, tau = 0.005, jump = 5, boson_dim = 6, omega = 5;
-2.427736687772415e-7;
0.0003326630687640586;
0.0011525426597616985;
0.002002259554124418;
0.0028526129825263936;
0.003695349098219195;
0.0045258301209215816;
0.005340424584032224;
0.006136571271860875;
0.006911599512635557;
0.007663342482899248;
0.008389932987168815;
0.009089799930212668;
0.009761641500727043;
0.010404473416374196;
0.011017548781857915;
0.011600304006203726;
0.012152666116724109;
0.012674530070968738;
0.013166059657069745;
0.01362768023275728;
0.014059902452333614;
0.01446341062201148;
0.014838996165660909;
0.01518757028912406;
0.0155101170358968;
0.015807590825251995;
0.016081120829630584;
0.016331805936638792;
0.016560768633771573;
0.0167691406711856;
0.01695805700356166;
0.0171286427237306;
0.017282040359759342;
0.017419353852858376;
0.017541682554310777;
0.01765012218397534;
0.017745719358571364;
0.01782948730942069;
0.017902695417160535;
0.01796580403685944;
0.018019610732775526;
0.01806504681199687;
0.018102808549755083;
0.018133506441345135;
0.01815768709455741;
0.01817585964292191;
0.018188457458730056;
0.018196014570758003;
0.01819888479159466;
0.01819757131632274;
0.018192565848511574;
0.01818438929974864;
0.018174390261475742;
0.018162559275515563;
0.018147923341199242;
0.018132203310201992;
0.01811567444926679;
0.0180986954491132;
0.01808146059707527;
0.018064064907858366;
0.018046531052902232;
0.01802882393243385;
0.018010788557999896;
0.017992332650978028;
0.017973360935687875;
0.017953799418715662;
0.01793419731865059;
----------------------
:::::::::::::::::::::::::::::::::::::::::::::::::::::::::::::::::::::::::::::::
                                     Date and Time: 2025-09-25T13:51:57.462
:::::::::::::::::::::::::::::::::::::::::::::::::::::::::::::::::::::::::::::::
local boson: T = [1.0, 1.0e-30], alpha = [0.25, 0.25], N_chain = 100, maxdim = 100, cutoff = -13, tau = 0.002, jump = 10, boson_dim = 7, omega = 5;
-1.0166674275772102e-7;
0.0011882499934100423;
0.0025012617344814087;
0.0036793066381031856;
0.004679162123843891;
0.005485316746891145;
0.006104633219123062;
0.006558193280375552;
0.006873374149419425;
0.0070788703942281875;
0.007202394622845055;
0.007268044501232517;
0.007292703678816667;
0.007288054387622547;
0.00726610736047369;
0.007237797892837037;
0.007209674470739451;
0.007179395530243326;
0.007145945607989459;
0.007113503841292899;
0.0070883031164096656;
0.007068035986728169;
0.007042236238800466;
0.007010669034030106;
----------------------
:::::::::::::::::::::::::::::::::::::::::::::::::::::::::::::::::::::::::::::::
                                     Date and Time: 2025-09-25T14:58:56.381
:::::::::::::::::::::::::::::::::::::::::::::::::::::::::::::::::::::::::::::::
local boson: T = [1.0, 1.0e-30], alpha = [0.25, 0.25], N_chain = 180, maxdim = 100, cutoff = -13, tau = 0.001, jump = 20, boson_dim = 7, omega = 5;
-4.006771547158116e-7;
0.000642490099275234;
0.001297707775030419;
0.001883207064573257;
0.002378623306755167;
0.002776861376550594;
0.00308183638558165;
0.003304588123833504;
0.0034590776681774687;
0.003559195399794974;
0.003618254043387878;
0.0036488897696983704;
0.0036613836551868204;
0.0036608884126213058;
0.0036501455355568567;
0.0036333143851792924;
0.003616569638850912;
0.0036017278837543014;
0.0035856695373085094;
0.0035651619053838073;
0.003543389623884008;
0.0035236466956338752;
0.0035066837002196284;
0.003487185371754032;
0.003462056024707853;
0.0034346459340589253;
----------------------
:::::::::::::::::::::::::::::::::::::::::::::::::::::::::::::::::::::::::::::::
                                     Date and Time: 2025-09-25T16:53:14.789
:::::::::::::::::::::::::::::::::::::::::::::::::::::::::::::::::::::::::::::::
local boson: T = [1.0, 1.0e-30], alpha = [0.25, 0.25], N_chain = 180, maxdim = 100, cutoff = -14, tau = 0.001, jump = 20, boson_dim = 7, omega = 5;
9.966163934759912e-6;
0.0006424906864428906;
0.001297700699053749;
0.0018831950720011176;
0.0023785970223344065;
0.0027768585782653194;
0.0030818362589259485;
0.0033042906918411444;
0.003458118901588638;
0.003557882730378488;
0.003617303530035292;
0.003647596799295757;
0.0036570059231853945;
0.003652393826542382;
0.0036401779911548384;
0.0036253029124809085;
0.0036089708365780286;
0.0035914146199748555;
0.003574640655101932;
0.003561444617643184;
0.0035508783906418027;
0.003539428358207901;
0.003527590885961233;
0.0035185493513325877;
0.0035113010105747187;
0.0035004225066734796;
0.0034856160810727115;
0.0034716163880577594;
0.003458708177071249;
0.003446899620872984;
0.0034340745432573276;
0.0034237047243427772;
0.003410016810540025;
0.0033943617511222016;
