0.0032514727022192585;
0.014136269453023612;
0.03269660149006015;
0.05891396439662289;
0.09276218174886638;
0.13407643331096852;
0.18283868114782145;
0.238964646329516;
0.3023562995940774;
0.3729040245135903;
0.45048719939683607;
0.5349748350246931;
0.6262262642079749;
0.7240887743371462;
0.8284020143476655;
0.9390021858487746;
1.05571639071234;
1.1783658772570578;
1.3067669162388573;
1.4407316925447324;
1.5800692068683058;
1.7245861815670822;
1.87408796485727;
2.0283794275009366;
2.1869555977590758;
2.34890992130489;
2.5148488383718886;
2.684516772929302;
2.8576906652698306;
3.0341922577406373;
3.2138127023264285;
3.3963465125241417;
3.5815921344473294;
3.7693524813744945;
3.9594309306054125;
4.151629517428334;
4.345778066590408;
4.541701004884458;
4.739229175880877;
4.93820011581164;
5.138458296684232;
5.3398553801546775;
5.542250232291733;
5.745509075007598;
5.949504451602338;
6.154114794697004;
6.3592316738787;
6.564750957032967;
6.770575812990892;
6.9766165982811135;
7.182790660003682;
7.389022225222005;
7.595242305169091;
7.801454830270909;
8.007546365777696;
8.213463885001671;
8.419162993854545;
8.624604861311113;
8.829755934721684;
9.03458766555311;
9.239075977023473;
9.44320213414292;
9.646951362812402;
9.850313004489145;
10.053280339508046;
10.255850405208257;
10.458023848310509;
10.65980477323962;
10.861200568664168;
11.062221824067157;
11.22486054874059;
11.389093746857396;
11.554749022055862;
11.722077717132123;
11.890531263400486;
12.059779331823808;
12.231485827997464;
12.405825705003519;
12.582930917963687;
12.762890414955343;
12.945722980359887;
13.131396847728537;
13.31982261430055;
13.510854576889475;
13.704287148724529;
13.89985837973169;
14.097252868560034;
14.29610584128823;
14.4960115232745;
14.696531857532563;
14.89719216003389;
15.097474420524614;
15.296867156538514;
15.494854828621477;
15.690928656252293;
15.884597318659042;
16.075399056182018;
16.26291003001897;
16.446756143666452;
16.6266214828936;
0.0032514727022192585;
0.014136269453023612;
0.03269660149006015;
0.05891396439662289;
0.09276218174886638;
0.13407643331096852;
0.18283868114782145;
0.238964646329516;
0.3023562995940774;
0.3729040245135903;
0.45048719939683607;
0.5349748350246931;
0.6262262642079749;
0.7240887743371462;
0.8284020143476655;
0.9390021858487746;
1.05571639071234;
1.1783658772570578;
1.3067669162388573;
1.4407316925447324;
1.5800692068683058;
1.7245861815670822;
1.87408796485727;
2.0283794275009366;
2.1869555977590758;
2.34890992130489;
2.5148488383718886;
2.684516772929302;
2.8576906652698306;
3.0341922577406373;
3.2138127023264285;
3.3963465125241417;
3.5815921344473294;
3.7693524813744945;
3.9594309306054125;
4.151629517428334;
4.345778066590408;
4.541701004884458;
4.739229175880877;
4.93820011581164;
5.138458296684232;
5.3398553801546775;
5.542250232291733;
5.745509075007598;
5.949504451602338;
6.154114794697004;
6.3592316738787;
6.564750957032967;
6.770575812990892;
6.9766165982811135;
7.182790660003682;
7.389022225222005;
7.595242305169091;
7.801454830270909;
8.007546365777696;
8.213463885001671;
8.419162993854545;
8.624604861311113;
8.829755934721684;
9.03458766555311;
9.239075977023473;
9.44320213414292;
9.646951362812402;
9.850313004489145;
10.053280339508046;
10.255850405208257;
10.458023848310509;
10.65980477323962;
10.861200568664168;
11.062221824067157;
11.22486054874059;
11.389093746857396;
11.554749022055862;
11.722077717132123;
11.890531263400486;
12.059779331823808;
12.231485827997464;
12.405825705003519;
12.582930917963687;
12.762890414955343;
12.945722980359887;
13.131396847728537;
13.31982261430055;
13.510854576889475;
13.704287148724529;
13.89985837973169;
14.097252868560034;
14.29610584128823;
14.4960115232745;
14.696531857532563;
14.89719216003389;
15.097474420524614;
15.296867156538514;
15.494854828621477;
15.690928656252293;
15.884597318659042;
16.075399056182018;
0.004059950647133997;
0.017953466355968343;
0.041749288694290586;
0.07542481642452403;
0.11894712518524433;
0.1722734017098751;
0.2353510500320306;
0.30811779409052015;
0.39050177281307585;
0.482421639720972;
0.5826518851467939;
0.691785506643581;
0.809638484213957;
0.9360163889650347;
1.0707145286360076;
1.2135190280570567;
1.3642103304049196;
1.522557390634152;
1.68832725835013;
1.861281218666499;
2.041177328677324;
2.227771638065388;
2.4205681602682705;
2.618687301777009;
2.8225105407228033;
3.031613318036603;
3.2458486606981425;
3.464939450720166;
3.6886107055523545;
3.9165904784713597;
4.1486107208629805;
4.384394895766883;
4.623671453055564;
4.866204685935939;
5.111748537078268;
5.360064398534991;
5.610921722417507;
5.864098541260406;
6.1193819286937225;
6.3765683991972475;
6.635464246082841;
6.895885817330376;
7.157635971234801;
7.420529581023074;
7.684443125303602;
7.949205646379071;
8.214690865236296;
8.474497004043615;
8.732160118686375;
8.989293653895585;
9.246059302506223;
9.502379505693112;
9.758189489313702;
10.013436648161631;
10.268079786013237;
10.522088216751689;
10.77544073820414;
11.02770925722797;
11.278843684651457;
11.52922381097214;
11.778865792541321;
12.02778013460702;
12.275973818044475;
12.523461580900307;
12.770257860947435;
13.016375615697834;
13.261825237795703;
13.506613604306379;
13.750743288878176;
13.994211959759456;
14.21532532521189;
14.429165304310253;
14.6433319579183;
14.858135967426842;
15.072750032026377;
15.288417085552224;
15.505308461436645;
15.723531585455465;
15.943123177935211;
16.1640450623735;
16.38618209580247;
16.609342414959336;
16.833260122734103;
17.05760045911864;
17.27847465662831;
17.498958511449203;
17.718599502826272;
17.9369323067519;
18.15348015891033;
18.36777132437735;
18.55408574757358;
18.718148874662504;
18.88763198183307;
19.06300712583828;
19.244486912637974;
19.43200018270665;
19.62519661668118;
19.82345000636241;
20.02434786158277;
20.226678058004598;
20.430649565446195;
20.63484867292145;
20.83778296316768;
21.03794553718473;
21.233882247742176;
21.42425893139754;
21.60792584122568;
21.78054451255514;
21.93093620283227;
22.051349508111247;
22.182586636357176;
22.324759683478327;
22.477407162688436;
22.63950764099542;
22.80958097671753;
22.985761856202355;
23.165458829860402;
23.346047964856186;
23.523880723587467;
23.694277237195532;
23.859448606236025;
24.017895758313337;
24.168642602537762;
24.311325174796174;
24.446247898713047;
24.54926407730972;
24.650833533904127;
24.76118557550987;
24.87989168321256;
25.006124597860698;
25.137456533668697;
25.276644871582537;
25.421692115122514;
25.5709119185823;
25.72279183888501;
25.876238292924565;
26.030487189793114;
26.185174140371167;
26.340464902484204;
26.49805626799887;
26.634714623859658;
26.698413604594137;
26.760578775291933;
26.82102696719724;
26.879605892853654;
26.936208891810885;
26.990777257779996;
27.043310245512444;
27.094581770104952;
27.14410877884985;
27.191999596013666;
27.241559424774756;
27.29186431177269;
27.341367474780647;
27.390143252695403;
27.43834375315762;
27.486217502966664;
27.534012395799394;
27.58193811350043;
27.630245731374323;
27.67910786213829;
27.72868027143197;
27.779077078047727;
27.830399017329274;
27.882703281850212;
27.93603721127253;
27.99048531398222;
28.045994605128236;
28.10239689419982;
28.14760099590567;
28.188336369939535;
28.223665224189865;
28.262170949579236;
28.303716286315804;
28.34818686883484;
28.395205943943026;
28.444257937475424;
28.494758120999943;
28.5453467269542;
28.5953421346955;
28.645505488612212;
28.696445597591293;
28.74724814931585;
28.797110286733176;
28.84549497112387;
28.89191684948961;
28.935930385197537;
28.965021688712234;
28.993049969980007;
29.020157606656223;
29.0464423001122;
29.072085355516748;
29.097222352798777;
29.122132992776283;
29.146556466002334;
29.172250280482658;
29.20092155315104;
29.230133516845616;
29.25962743489447;
29.28933600041295;
