0.00021676153020867167;
0.0009423566144603241;
0.0021794497869611577;
0.003926554610677469;
0.006181571557683079;
0.008941793389617047;
0.012203916193264152;
0.01596405028961751;
0.020217731290006334;
0.024959933391618713;
0.030185084218865794;
0.03588708118258727;
0.04205930927868266;
0.04869466005275117;
0.0557855509203988;
0.06332394810524769;
0.07130138873211525;
0.07970900426069753;
0.08853754477443347;
0.0977774039766403;
0.10741864477556065;
0.11745102533804531;
0.12786402549032366;
0.13864687334401407;
0.14978857258610245;
0.16127792953355363;
0.1731035720263262;
0.1852539699437516;
0.19771746616222988;
0.21048230242327004;
0.22353663285209768;
0.23686855002295495;
0.25046610669389113;
0.26431733692798;
0.27841027498409104;
0.29273297628025435;
0.30727354182112776;
0.3220201292609069;
0.3369609732419661;
0.35208440241154276;
0.3673788556790009;
0.38283289949363886;
0.3984352401350095;
0.4141747387264516;
0.43004042632042244;
0.44602151128004586;
0.46210739983020316;
0.4782877018808563;
0.4945522434204078;
0.5108910768057534;
0.5272944887594551;
0.5437530133473032;
0.5602574396739558;
0.5767986809693354;
0.593368322586867;
0.6099578251016639;
0.6265590629739948;
0.6431641980281197;
0.6597656842162528;
0.6763562709220253;
0.6929290030816997;
0.7094772384421215;
0.7259946346332302;
0.7424751553627984;
0.758913071466384;
0.7753029608978504;
0.7916397081687907;
0.8079185031771184;
0.8241348372946549;
0.8402845008416805;
0.856363934871717;
0.8723693148691333;
0.888297322780473;
0.904144936447383;
0.9199090222978145;
0.9355864095499635;
0.9511755589410483;
0.9666744037800772;
0.9820808168941576;
0.9973936715222622;
1.0126111858500852;
1.0277319937526317;
1.042754863723874;
1.0576786415439143;
1.0725022443263001;
1.0872246292280388;
1.1018447674671217;
1.1163616191380663;
1.130774108241358;
1.145081043556604;
1.159281339713165;
1.1733736579830392;
1.1873565593984712;
1.2012285097557869;
1.2149878435013446;
1.2286327840829925;
1.2421613929123256;
1.2555716190513417;
1.2688612946816613;
1.2820281466391095;
0.00021676153020867167;
0.0009423566144603241;
0.0021794497869611577;
0.003926554610677469;
0.006181571557683079;
0.008941793389617047;
0.012203916193264152;
0.01596405028961751;
0.020217731290006334;
0.024959933391618713;
0.030185084218865794;
0.03588708118258727;
0.04205930927868266;
0.04869466005275117;
0.0557855509203988;
0.06332394810524769;
0.07130138873211525;
0.07970900426069753;
0.08853754477443347;
0.0977774039766403;
0.10741864477556065;
0.11745102533804531;
0.12786402549032366;
0.13864687334401407;
0.14978857258610245;
0.16127792953355363;
0.1731035720263262;
0.1852539699437516;
0.19771746616222988;
0.21048230242327004;
0.22353663285209768;
0.23686855002295495;
0.25046610669389113;
0.26431733692798;
0.27841027498409104;
0.29273297628025435;
0.30727354182112776;
0.3220201292609069;
0.3369609732419661;
0.35208440241154276;
0.3673788556790009;
0.38283289949363886;
0.3984352401350095;
0.4141747387264516;
0.43004042632042244;
0.44602151128004586;
0.46210739983020316;
0.4782877018808563;
0.4945522434204078;
0.5108910768057534;
0.5272944887594551;
0.5437530133473032;
0.5602574396739558;
0.5767986809693354;
0.593368322586867;
0.6099578251016639;
0.6265590629739948;
0.6431641980281197;
0.6597656842162528;
0.6763562709220253;
0.6929290030816997;
0.7094772384421215;
0.7259946346332302;
0.7424751553627984;
0.758913071466384;
0.7753029608978504;
0.7916397081687907;
0.8079185031771184;
0.8241348372946549;
0.8402845008416805;
0.856363934871717;
0.8723693148691333;
0.888297322780473;
0.904144936447383;
0.9199090222978145;
0.9355864095499635;
0.9511755589410483;
0.9666744037800772;
0.9820808168941576;
0.9973936715222622;
1.0126111858500852;
1.0277319937526317;
1.042754863723874;
1.0576786415439143;
1.0725022443263001;
1.0872246292280388;
1.1018447674671217;
1.1163616191380663;
1.130774108241358;
1.145081043556604;
1.159281339713165;
1.1733736579830392;
1.1873565593984712;
1.2012285097557869;
1.2149878435013446;
1.2286327840829925;
1.2421613929123256;
0.00027066343945327404;
0.0011968199983787321;
0.002782760549330238;
0.00502659236220084;
0.007925582989095873;
0.011476188613135901;
0.01567406589950679;
0.02051408379015129;
0.025990335699137564;
0.03209615285765648;
0.03882412713755717;
0.04616616163606833;
0.054113493232466205;
0.06265671148144714;
0.0717857868943231;
0.08149010012548033;
0.09175856719626983;
0.1025794107796889;
0.11394049822002227;
0.12582918078607808;
0.1382323865658478;
0.15113665611446067;
0.1645281790424345;
0.17839278687072363;
0.19271605480886037;
0.20748321076525553;
0.22267937658374998;
0.2382894400619494;
0.2542981305089298;
0.27069005045454847;
0.28744970657399316;
0.304561251525921;
0.32200862831203925;
0.3397766554819668;
0.3578497014618906;
0.37621217680292185;
0.39484856037130567;
0.41374342385830276;
0.4328814552385136;
0.45224748118373237;
0.47182648843229663;
0.49160364411782786;
0.5115641428435637;
0.5316933883352672;
0.5519773373851721;
0.5724018660789588;
0.5929536492350928;
0.6136193459013244;
0.6343858745771578;
0.6552405318460321;
0.6761708456608069;
0.6971647109683975;
0.7182103654881413;
0.7392963987561648;
0.7604117598131276;
0.7815457634619867;
0.8026880950388108;
0.8238256228670282;
0.8449483701269428;
0.8660499546617637;
0.8871214773911898;
0.9081545473591502;
0.9291411506542335;
0.9500736093076585;
0.9709446075797873;
0.9917471841425386;
1.0124747226908812;
1.0331209412435394;
1.0536798803249603;
1.0741458902022865;
1.0945136527165706;
1.1147779974544154;
1.134934107422502;
1.1549772348367533;
1.174902128356458;
1.1947054978595952;
1.214383345568509;
1.2339318514260105;
1.253347364883893;
1.2726263977563128;
1.2917656200675314;
1.3107618590279275;
1.3296121010715483;
1.3483134966535577;
1.3668374262808303;
1.3852062555085414;
1.4034179542154688;
1.4214707316018256;
1.4393629968795818;
1.4570933638807626;
1.474660769699642;
1.4920639737367105;
1.5093023805272956;
1.526375164998779;
1.5432818090752953;
1.5600218340635406;
1.5765948549644766;
1.5930005705189134;
1.6092385545073098;
1.6253088160305278;
1.6412116777795889;
1.6569473452239016;
1.672516189631015;
1.687918768345524;
1.7031558311869621;
1.7182283069537965;
1.7331372690051075;
1.747865118776558;
1.762412899358359;
1.7768002066889184;
1.7910291499919413;
1.8051015022672368;
1.819018867684471;
1.8327826154077973;
1.8463938013815944;
1.859853258962051;
1.8731605374000013;
1.8863147647172993;
1.899317763513671;
1.9121700528772754;
1.9248729411864567;
1.9374273875731916;
1.9498344465712723;
1.9620952192997108;
1.9742108184432126;
1.986182548539491;
1.9980111405138616;
2.0096979212147636;
2.021243714204166;
2.0326500419990574;
2.043902808518617;
2.0550215287287577;
2.0660079336776556;
2.0768621190457197;
2.087585245001733;
2.0981795997578363;
2.108647097690822;
2.11898844872972;
2.129205100540214;
2.1392993708295376;
2.1492719011669297;
2.1591237613826233;
2.168856760003436;
2.1784724892839105;
2.187972420899236;
2.1973582867797403;
2.2066316409804188;
2.215793989345538;
2.2248461926061838;
2.2337902281860504;
2.2426273568420276;
2.2513583370079773;
2.2599845882168097;
2.2685066447121787;
2.276925404566914;
2.285241837197;
2.2934568752051736;
2.3015718190468903;
2.309588100845254;
2.317507010957798;
2.3253297766593533;
2.3330575295452447;
2.3406914723817596;
2.3482328788827678;
2.35568307104846;
2.3630434280176495;
2.370315490283572;
2.377500707097168;
2.3846004428743868;
2.3916161498541415;
2.398549926861815;
2.4054017701102817;
2.4121730277456455;
2.4188647059764325;
2.425477847255257;
2.43201300085674;
2.438471912844;
2.4448558095883373;
2.4511628551898488;
2.4574059120827068;
2.463578622495535;
2.4696827767861205;
2.4757196870139073;
2.4816900622891445;
2.4875946797546713;
2.493434373543017;
2.499209380437064;
2.5048763448187206;
2.5104791712853665;
2.516018294519623;
2.521493827159705;
2.526906711412224;
2.5322569629342744;
2.537544878228164;
2.5427708123598673;
2.5479353112035277;
2.5530390276023014;
2.5580795734063155;
2.56305581209817;
2.5679667252353036;
