----------------------
:::::::::::::::::::::::::::::::::::::::::::::::::::::::::::::::::::::::::::::::
                                     Date and Time: 2025-09-25T02:31:53.110
:::::::::::::::::::::::::::::::::::::::::::::::::::::::::::::::::::::::::::::::
local boson: T = [1.0, 1.0e-30], alpha = [0.25, 0.25], N_chain = 100, maxdim = 100, cutoff = -11, tau = 0.003, jump = 3, boson_dim = 7, omega = 5;
-7.489115864914e-11;
0.010809783356952957;
0.04738324104151101;
0.11014661829116129;
0.19871374900503547;
0.31272562247193775;
0.45174524296934493;
0.6152131374768816;
0.8024823068001271;
1.0128255737086485;
1.2454442766717517;
1.4994715554639637;
1.7739946941872966;
2.0680556124354927;
2.3806641531675705;
2.7108088775646992;
3.0574678843863072;
3.419619500895389;
3.794423878371167;
4.18020230156549;
4.577049301560112;
4.984225308823833;
5.400669077163712;
5.825358054975981;
6.257297695304035;
6.695545012507285;
7.139223153854645;
7.587497855862834;
8.039600509563252;
8.49481356714568;
8.95246653641092;
9.411957237204163;
9.872738918678662;
10.334325519226422;
10.796285190185849;
11.258246446933981;
11.719876948990267;
12.181055563027655;
12.64141708662454;
13.10075631800425;
13.558917797874633;
14.015796010886916;
14.471308632667808;
14.925401089068744;
15.378049907087037;
15.829258575182246;
16.279033494065988;
16.727447960856736;
17.174585459654338;
17.528431430515553;
17.887388583799062;
18.25291872994349;
18.618951896317675;
18.9961261908848;
19.385336471406003;
19.78702709507722;
20.201125615536675;
20.62706016641382;
21.063725372615558;
21.509506409029964;
21.962328384891126;
22.41978417144795;
22.879096754612277;
23.33729204804074;
23.79130859744414;
24.23818199185824;
24.675136992041114;
25.09973840364745;
25.510017389587365;
25.904595111731116;
26.282764415364618;
26.644554066544583;
26.990795539039073;
27.323101966710098;
27.643865015793402;
27.956162520523762;
28.26366849192753;
28.570468742830894;
28.880963197012466;
29.199613153768095;
29.530748421281086;
29.878349866743935;
30.2429808692219;
30.42008047385692;
30.673411136071266;
31.007789944082386;
31.413687945826833;
31.891623469676173;
32.445010730081655;
33.06342154065804;
33.73365316516496;
34.44039409931789;
35.16695516751664;
35.89623545677328;
36.611708967852216;
37.29812516152599;
37.94244342720973;
38.53448875793335;
39.06745226159079;
39.53817738131811;
39.94719146346597;
40.29845074299901;
40.59890905430323;
40.85778204855484;
41.08570924388841;
41.29377489830624;
41.492529823849736;
41.69122159068772;
41.8968699054335;
42.11380371512965;
42.343368273432425;
42.5838629645257;
42.83076339131267;
43.074725219587016;
43.31611839888254;
43.54499174596669;
43.7274868680182;
44.00562763480899;
44.45446910495879;
45.04956962182741;
45.76657341165055;
46.55882252590824;
47.369260391925934;
48.14231831235891;
48.82348436923581;
49.36853778601964;
49.74620561686194;
49.94150280404529;
49.95681191141384;
49.81190719832012;
49.542327686544645;
49.196565030709785;
48.8327285463967;
48.51438489042075;
48.306083839522906;
48.268222199101054;
48.4521248546558;
48.895159037727254;
49.61646313939785;
50.61371791774165;
51.861743352202694;
53.31325499371078;
54.893149146248895;
56.52809657229463;
58.14783676669809;
59.672141769099866;
61.02717526294447;
61.57150936368093;
62.43896360264912;
63.71122742388738;
65.2911566438126;
67.11082470087607;
69.05680196437272;
70.97093443360636;
72.70036178274779;
74.11408503692338;
75.11621998327331;
75.65506647863091;
75.72779397101802;
75.3796886328388;
74.69733241046647;
73.79678876383781;
72.8078997187452;
71.85761971550932;
71.05416515317731;
70.47385054600542;
70.1492255936684;
70.07180412311973;
70.19181442952826;
70.4374892808009;
70.70254683866429;
70.85411800956324;
70.78179288298956;
70.40445434849937;
69.68367345715367;
68.63388523902233;
67.90425370909821;
67.94544985549845;
68.09116260641241;
68.35273125215038;
68.59471678174327;
68.75405144639133;
68.80360518439927;
68.75897106158786;
68.67974593657448;
68.66264455527696;
68.82649884793571;
69.29290850127971;
70.16403016132848;
71.50190554067686;
73.31352752627113;
75.5426464788506;
78.07122659108803;
80.7297853476346;
83.31577936436226;
85.6172561415;
87.43948475698443;
88.63479876606365;
89.12119109877509;
88.88447045596074;
88.00398066626443;
86.63732865726449;
85.00193812888152;
83.99149389580771;
84.20502977438112;
84.7019826998195;
85.4057701676392;
86.25499600755546;
87.30460627956924;
88.41981556705927;
89.58237430920495;
90.79497105679549;
92.06636252987319;
93.39944455402936;
94.78150689695254;
96.17743567210323;
97.52606092964012;
98.74281112017077;
99.72706467872362;
100.37473252651057;
100.5952069872042;
100.3290634761511;
99.56308658095257;
98.33956335118592;
96.75649744773727;
94.95777334203873;
93.11487309251245;
91.40313386296505;
89.9772366840504;
88.95003673434927;
88.3783386490179;
88.25732677176052;
88.52465472002659;
89.07334436832207;
89.77120601174475;
90.48482568823583;
90.46594563216375;
90.53421812729533;
90.7317779274489;
91.03877121233937;
91.41728686856062;
91.82255293117443;
92.21568202223929;
92.5760606341752;
92.91040143270095;
93.25615801413193;
93.67816191399635;
94.25795004178242;
95.0782797998342;
96.20438502287519;
97.66560337795715;
99.44089223134134;
----------------------
:::::::::::::::::::::::::::::::::::::::::::::::::::::::::::::::::::::::::::::::
                                     Date and Time: 2025-09-25T09:18:21.318
:::::::::::::::::::::::::::::::::::::::::::::::::::::::::::::::::::::::::::::::
local boson: T = [1.0, 1.0e-30], alpha = [0.25, 0.25], N_chain = 100, maxdim = 100, cutoff = -12, tau = 0.005, jump = 5, boson_dim = 7, omega = 5;
4.655041937112922e-11;
0.029998643103724035;
0.13122231715260493;
0.3039224544238636;
0.5461492164441151;
0.8552190262550058;
1.2275420627167577;
1.659207583376939;
2.145707156728854;
2.682141749705224;
3.263330240286335;
3.8839782674832;
4.538723120830844;
5.222302801583027;
5.929648648031719;
6.655987827389861;
7.3969246508956745;
8.142899643477548;
8.887658614669428;
9.6324946829081;
10.375023667551213;
11.113054946139576;
11.844911453169876;
12.569312769280968;
13.285585548305061;
13.993313631036557;
14.692330570791714;
15.382621199390492;
16.064285842917332;
16.737453286584756;
17.402277959178118;
18.058953841447195;
18.70775543658208;
19.24077601027721;
19.789510589683022;
20.35999531579254;
20.956019573538285;
21.569019350040488;
22.18850047276621;
22.800369430257252;
23.390869220169133;
23.948648513747628;
24.468465820492483;
24.952436566583412;
25.410756560708847;
25.860899248657446;
26.32529600146461;
26.827670005622082;
27.38865389910199;
27.86035341151385;
28.3459755509511;
29.021778451348474;
29.89377970986182;
30.901316297172784;
31.95767487278127;
32.96718296835214;
33.84519117349602;
34.531700833476044;
35.00414849382509;
35.280944095534856;
35.416367656696885;
35.48726627941968;
35.574994203940875;
35.746941500461446;
36.04284893965623;
36.365182062931666;
36.902557515154015;
37.78934167494983;
38.938797775520065;
40.173082852673886;
41.30897340583793;
42.210387442075906;
42.83448439348379;
43.23688421589718;
43.561467654074576;
43.99191458892402;
44.68888275893888;
45.73152303583268;
47.084247160588205;
48.602841510179026;
49.23496855851903;
50.45119859054753;
52.21951026707451;
54.28251690898894;
----------------------
:::::::::::::::::::::::::::::::::::::::::::::::::::::::::::::::::::::::::::::::
                                     Date and Time: 2025-09-25T09:47:20.396
:::::::::::::::::::::::::::::::::::::::::::::::::::::::::::::::::::::::::::::::
local boson: T = [1.0, 1.0e-30], alpha = [0.25, 0.25], N_chain = 100, maxdim = 100, cutoff = -12, tau = 0.005, jump = 5, boson_dim = 7, omega = 5;
-2.506360155740024e-10;
0.029998643683984864;
0.13122231671053206;
0.303922454368304;
0.5461492160932709;
0.8552190263433052;
1.2275420628357072;
1.6592075834506959;
2.145707156588884;
2.6821417498413704;
3.2633302404927527;
3.8839782672076524;
4.538723120993566;
5.22230280152665;
5.929648648101124;
6.655987827337185;
7.396924650722314;
8.142899643511978;
8.88765861462569;
9.632494683269048;
10.375023667189216;
11.113054945764546;
11.844911453300805;
12.569312769436094;
13.285585548757904;
13.993313631121818;
14.692330571058639;
15.382621199978706;
16.06428584251632;
16.73745328695382;
17.402277959375503;
18.058953841459928;
18.707755436656935;
19.24077601055853;
19.78951058983245;
20.359995315449734;
20.956019573807946;
21.56901934945936;
22.18850047277654;
22.800369430291383;
23.390869220563204;
23.9486485139626;
24.468465820333854;
24.952436566502787;
25.4107565611083;
25.860899248586787;
26.325296000877863;
26.827670005595987;
27.388653898822387;
27.86035341186973;
28.345975551431376;
29.0217784519397;
29.89377970983034;
30.901316297053956;
31.95767487284247;
32.96718296804371;
33.84519117357181;
34.531700833588005;
35.004148494137624;
35.280944095367744;
35.41636765738611;
35.48726627992246;
35.57499420451896;
35.74694150070918;
36.0428489399582;
36.36518206307307;
36.902557514995415;
37.789341675265334;
38.93879777582284;
40.17308285264851;
41.30897340638522;
42.21038744274577;
42.83448439360767;
43.23688421595797;
43.5614676671809;
43.991914619282234;
44.68888282707023;
45.731523209917;
47.08424701068874;
48.602840981854676;
49.23497273297507;
50.4511966132894;
52.21950337435341;
54.282505771347026;
56.2596843136611;
57.74015186360174;
58.4637618251644;
58.398869631541004;
57.74305351398268;
56.84211283961748;
56.05621574180511;
55.63396851239871;
55.64138651700213;
55.96711750179233;
56.385367404355314;
56.73100580398472;
56.97682796405531;
57.468270679272095;
58.22435678555052;
59.11630711463305;
60.01613621622416;
60.90410851235086;
61.8973958907393;
63.18239758308976;
64.88883986266589;
66.97467398194154;
69.18769282290306;
71.1223145029622;
72.34640311831461;
72.55520518769288;
----------------------
:::::::::::::::::::::::::::::::::::::::::::::::::::::::::::::::::::::::::::::::
                                     Date and Time: 2025-09-25T13:33:47.519
:::::::::::::::::::::::::::::::::::::::::::::::::::::::::::::::::::::::::::::::
local boson: T = [1.0, 1.0e-30], alpha = [0.25, 0.25], N_chain = 100, maxdim = 100, cutoff = -13, tau = 0.005, jump = 5, boson_dim = 6, omega = 5;
-1.6580541297865717e-10;
0.030001065952310127;
0.06561381905900159;
0.10131884087499837;
0.13656107686251057;
0.17108521841052318;
0.20469286582326704;
0.23721376162583188;
0.2685037068163889;
0.298437884969629;
0.3269148342783584;
0.3538563865996047;
0.3791547579473244;
0.40274629861579564;
0.4246472738370667;
0.444860637550783;
0.4634040844461089;
0.480310716241456;
0.49563248845637126;
0.5094359536256636;
0.5217987278602263;
0.5328116426496431;
0.5425682474416746;
0.5511715954400461;
0.558725622534603;
0.5640971291043554;
0.5685615367640431;
0.5723627748704444;
0.5756001124761667;
0.5783395439628332;
0.5806090735274284;
0.5824102194912695;
0.583730706498004;
0.5845551173129012;
0.5848760832550313;
0.5847199304800719;
0.5841526739315963;
0.5832840818398479;
0.5822633245360965;
0.5786097737564228;
0.5762483291843188;
0.575196602731745;
0.5752694118610383;
0.5759513218953057;
0.5766960246249035;
0.5770516447787332;
0.5767225225965684;
0.5756328030521836;
0.5739548309876912;
0.5720173344667339;
0.570218486620603;
0.5689017102449089;
0.5682439233438146;
0.5639379255624738;
0.5636845531963545;
0.56651972181021;
0.5715308931149721;
0.5767291105352216;
0.5803517021331773;
0.5810905201618071;
0.5784947949931905;
0.573069106388281;
0.5660560828841942;
0.5593081706928991;
0.5544516842470449;
0.5526464782085982;
0.5542271522502981;
0.554358724853825;
----------------------
:::::::::::::::::::::::::::::::::::::::::::::::::::::::::::::::::::::::::::::::
                                     Date and Time: 2025-09-25T13:51:57.469
:::::::::::::::::::::::::::::::::::::::::::::::::::::::::::::::::::::::::::::::
local boson: T = [1.0, 1.0e-30], alpha = [0.25, 0.25], N_chain = 100, maxdim = 100, cutoff = -13, tau = 0.002, jump = 10, boson_dim = 7, omega = 5;
1.780086293112721e-10;
0.05519843366068923;
0.10795912960210192;
0.1521839046911836;
0.18579996081976408;
0.20907587614460957;
0.22378238010429435;
0.23076465602859939;
0.2339773112449984;
0.23449954186037808;
0.23215568157753314;
0.230588434949146;
0.23205421399301224;
0.22944295522563427;
0.2268462387396234;
0.23497347408943364;
0.2295216755346469;
0.2259259045350756;
0.23341039779108774;
0.24711747857274688;
0.23899032218267433;
0.23671348779587256;
0.24514196160286378;
0.23517301880483973;
----------------------
:::::::::::::::::::::::::::::::::::::::::::::::::::::::::::::::::::::::::::::::
                                     Date and Time: 2025-09-25T14:58:56.388
:::::::::::::::::::::::::::::::::::::::::::::::::::::::::::::::::::::::::::::::
local boson: T = [1.0, 1.0e-30], alpha = [0.25, 0.25], N_chain = 180, maxdim = 100, cutoff = -13, tau = 0.001, jump = 20, boson_dim = 7, omega = 5;
-8.825488450432247e-10;
0.02818871219708243;
0.05453932073934479;
0.0765889775934321;
0.09343667300441208;
0.1049321418783426;
0.11220433964950922;
0.11652346409143001;
0.11790419725203435;
0.11866290715427799;
0.11863107336677975;
0.11704729141596215;
0.11587968587890694;
0.12000986090506392;
0.12063718186294027;
0.11694769516669884;
0.11653918599304051;
0.12159979300273815;
0.11875274750879318;
0.12478462514203857;
0.1318293430024656;
0.1382865356629846;
0.1282204753850511;
0.12588219296476466;
0.12664512646054182;
0.1273745286937251;
----------------------
:::::::::::::::::::::::::::::::::::::::::::::::::::::::::::::::::::::::::::::::
                                     Date and Time: 2025-09-25T16:53:14.797
:::::::::::::::::::::::::::::::::::::::::::::::::::::::::::::::::::::::::::::::
local boson: T = [1.0, 1.0e-30], alpha = [0.25, 0.25], N_chain = 180, maxdim = 100, cutoff = -14, tau = 0.001, jump = 20, boson_dim = 7, omega = 5;
-9.999127951142818e-8;
0.028186505187696626;
0.054539230344678113;
0.07656262047544028;
0.09330644383338119;
0.1048797444298176;
0.11184952976236824;
0.11534950870762771;
0.11679954309477165;
0.11661003342371842;
0.11530761577964321;
0.11497941057497627;
0.11347813767635777;
0.1120734215226845;
0.11474523450139351;
0.11188360127771692;
0.10943889380934133;
0.11176416444614704;
0.11495489030747139;
0.11376218813908207;
0.11495039297624865;
0.11965493242703822;
0.11293877220287629;
0.11639164423295807;
